100
15 88 93 94 24 82 84 67 34 91 76 40 31 26 20 70 8 90 58 64 77 50 9 85 6 35 28 36 73 33 49 29 54 46 57 47 87 63 97 65 27 16 18 13 2 30 39 37 79 68 38 44 59 66 14 60 74 62 5 41 45 21 32 11 22 3 81 55 53 52 25 12 99 72 51 0 42 48 75 61 23 86 71 80 95 89 92 1 96 17 56 7 19 98 78 83 4 43 69 10 
15 88 93 94 24 82 84 67 34 91 76 40 31 26 20 70 8 90 58 64 77 50 9 85 6 35 28 36 73 33 49 29 54 46 57 47 87 63 97 65 27 16 18 13 2 30 39 37 79 68 38 44 59 66 14 60 74 62 5 41 45 21 32 11 22 3 81 55 53 52 25 12 99 72 51 0 42 48 75 61 23 86 71 80 95 89 92 1 96 17 56 7 19 98 78 83 4 43 69 10 
15 88 93 94 24 82 84 67 34 91 76 40 31 26 20 70 8 90 58 64 77 50 9 85 6 35 28 36 73 33 49 29 54 46 57 47 87 63 97 65 27 16 18 13 2 30 39 37 79 68 38 44 59 66 14 60 74 62 5 41 45 21 32 11 22 3 81 55 53 52 25 12 99 72 51 0 42 48 75 61 23 86 71 80 95 89 92 1 96 17 56 7 19 98 78 83 4 43 69 10 
15 88 93 94 24 82 84 67 34 91 76 40 31 26 20 70 8 90 58 64 77 50 9 85 6 35 28 36 73 33 49 29 54 46 57 47 87 63 97 65 27 16 18 13 2 30 39 37 79 68 38 44 59 66 14 60 74 62 5 41 45 21 32 11 22 3 81 55 53 52 25 12 99 72 51 0 42 48 75 61 23 86 71 80 95 89 92 1 96 17 56 7 19 98 78 83 4 43 69 10 
15 88 93 94 24 82 84 67 34 91 76 40 31 26 20 70 8 90 58 64 77 50 9 85 6 35 28 36 73 33 49 29 54 46 57 47 87 63 97 65 27 16 18 13 2 30 39 37 79 68 38 44 59 66 14 60 74 62 5 41 45 21 32 11 22 3 81 55 53 52 25 12 99 72 51 0 42 48 75 61 23 86 71 80 95 89 92 1 96 17 56 7 19 98 78 83 4 43 69 10 
15 24 82 84 88 93 94 67 34 91 76 40 31 26 20 70 8 90 58 64 77 50 9 85 6 35 28 36 73 33 49 29 54 46 57 47 87 63 97 65 27 16 18 13 2 30 39 37 79 68 38 44 59 66 14 60 74 62 5 41 45 21 32 11 22 3 81 55 53 52 25 12 99 72 51 0 42 48 75 61 23 86 71 80 95 89 92 1 96 17 56 7 19 98 78 83 4 43 69 10 
15 24 82 84 88 93 94 34 67 91 76 40 31 26 20 70 8 90 58 64 77 50 9 85 6 35 28 36 73 33 49 29 54 46 57 47 87 63 97 65 27 16 18 13 2 30 39 37 79 68 38 44 59 66 14 60 74 62 5 41 45 21 32 11 22 3 81 55 53 52 25 12 99 72 51 0 42 48 75 61 23 86 71 80 95 89 92 1 96 17 56 7 19 98 78 83 4 43 69 10 
15 24 82 84 88 93 94 34 67 91 76 40 31 26 20 70 8 90 58 64 77 50 9 85 6 35 28 36 73 33 49 29 54 46 57 47 87 63 97 65 27 16 18 13 2 30 39 37 79 68 38 44 59 66 14 60 74 62 5 41 45 21 32 11 22 3 81 55 53 52 25 12 99 72 51 0 42 48 75 61 23 86 71 80 95 89 92 1 96 17 56 7 19 98 78 83 4 43 69 10 
15 24 82 84 88 93 94 34 67 91 40 76 31 26 20 70 8 90 58 64 77 50 9 85 6 35 28 36 73 33 49 29 54 46 57 47 87 63 97 65 27 16 18 13 2 30 39 37 79 68 38 44 59 66 14 60 74 62 5 41 45 21 32 11 22 3 81 55 53 52 25 12 99 72 51 0 42 48 75 61 23 86 71 80 95 89 92 1 96 17 56 7 19 98 78 83 4 43 69 10 
15 24 82 84 88 93 94 34 67 91 31 40 76 26 20 70 8 90 58 64 77 50 9 85 6 35 28 36 73 33 49 29 54 46 57 47 87 63 97 65 27 16 18 13 2 30 39 37 79 68 38 44 59 66 14 60 74 62 5 41 45 21 32 11 22 3 81 55 53 52 25 12 99 72 51 0 42 48 75 61 23 86 71 80 95 89 92 1 96 17 56 7 19 98 78 83 4 43 69 10 
15 24 82 84 88 93 94 31 34 40 67 76 91 26 20 70 8 90 58 64 77 50 9 85 6 35 28 36 73 33 49 29 54 46 57 47 87 63 97 65 27 16 18 13 2 30 39 37 79 68 38 44 59 66 14 60 74 62 5 41 45 21 32 11 22 3 81 55 53 52 25 12 99 72 51 0 42 48 75 61 23 86 71 80 95 89 92 1 96 17 56 7 19 98 78 83 4 43 69 10 
15 24 31 34 40 67 76 82 84 88 91 93 94 26 20 70 8 90 58 64 77 50 9 85 6 35 28 36 73 33 49 29 54 46 57 47 87 63 97 65 27 16 18 13 2 30 39 37 79 68 38 44 59 66 14 60 74 62 5 41 45 21 32 11 22 3 81 55 53 52 25 12 99 72 51 0 42 48 75 61 23 86 71 80 95 89 92 1 96 17 56 7 19 98 78 83 4 43 69 10 
15 24 31 34 40 67 76 82 84 88 91 93 94 20 26 70 8 90 58 64 77 50 9 85 6 35 28 36 73 33 49 29 54 46 57 47 87 63 97 65 27 16 18 13 2 30 39 37 79 68 38 44 59 66 14 60 74 62 5 41 45 21 32 11 22 3 81 55 53 52 25 12 99 72 51 0 42 48 75 61 23 86 71 80 95 89 92 1 96 17 56 7 19 98 78 83 4 43 69 10 
15 24 31 34 40 67 76 82 84 88 91 93 94 20 26 70 8 90 58 64 77 50 9 85 6 35 28 36 73 33 49 29 54 46 57 47 87 63 97 65 27 16 18 13 2 30 39 37 79 68 38 44 59 66 14 60 74 62 5 41 45 21 32 11 22 3 81 55 53 52 25 12 99 72 51 0 42 48 75 61 23 86 71 80 95 89 92 1 96 17 56 7 19 98 78 83 4 43 69 10 
15 24 31 34 40 67 76 82 84 88 91 93 94 20 26 70 8 90 58 64 77 50 9 85 6 35 28 36 73 33 49 29 54 46 57 47 87 63 97 65 27 16 18 13 2 30 39 37 79 68 38 44 59 66 14 60 74 62 5 41 45 21 32 11 22 3 81 55 53 52 25 12 99 72 51 0 42 48 75 61 23 86 71 80 95 89 92 1 96 17 56 7 19 98 78 83 4 43 69 10 
15 24 31 34 40 67 76 82 84 88 91 93 94 20 26 70 8 58 90 64 77 50 9 85 6 35 28 36 73 33 49 29 54 46 57 47 87 63 97 65 27 16 18 13 2 30 39 37 79 68 38 44 59 66 14 60 74 62 5 41 45 21 32 11 22 3 81 55 53 52 25 12 99 72 51 0 42 48 75 61 23 86 71 80 95 89 92 1 96 17 56 7 19 98 78 83 4 43 69 10 
15 24 31 34 40 67 76 82 84 88 91 93 94 8 20 26 58 70 90 64 77 50 9 85 6 35 28 36 73 33 49 29 54 46 57 47 87 63 97 65 27 16 18 13 2 30 39 37 79 68 38 44 59 66 14 60 74 62 5 41 45 21 32 11 22 3 81 55 53 52 25 12 99 72 51 0 42 48 75 61 23 86 71 80 95 89 92 1 96 17 56 7 19 98 78 83 4 43 69 10 
15 24 31 34 40 67 76 82 84 88 91 93 94 8 20 26 58 70 90 64 77 50 9 85 6 35 28 36 73 33 49 29 54 46 57 47 87 63 97 65 27 16 18 13 2 30 39 37 79 68 38 44 59 66 14 60 74 62 5 41 45 21 32 11 22 3 81 55 53 52 25 12 99 72 51 0 42 48 75 61 23 86 71 80 95 89 92 1 96 17 56 7 19 98 78 83 4 43 69 10 
15 24 31 34 40 67 76 82 84 88 91 93 94 8 20 26 58 70 90 50 64 77 9 85 6 35 28 36 73 33 49 29 54 46 57 47 87 63 97 65 27 16 18 13 2 30 39 37 79 68 38 44 59 66 14 60 74 62 5 41 45 21 32 11 22 3 81 55 53 52 25 12 99 72 51 0 42 48 75 61 23 86 71 80 95 89 92 1 96 17 56 7 19 98 78 83 4 43 69 10 
15 24 31 34 40 67 76 82 84 88 91 93 94 8 20 26 58 70 90 50 64 77 9 85 6 35 28 36 73 33 49 29 54 46 57 47 87 63 97 65 27 16 18 13 2 30 39 37 79 68 38 44 59 66 14 60 74 62 5 41 45 21 32 11 22 3 81 55 53 52 25 12 99 72 51 0 42 48 75 61 23 86 71 80 95 89 92 1 96 17 56 7 19 98 78 83 4 43 69 10 
15 24 31 34 40 67 76 82 84 88 91 93 94 8 20 26 58 70 90 50 64 77 6 9 85 35 28 36 73 33 49 29 54 46 57 47 87 63 97 65 27 16 18 13 2 30 39 37 79 68 38 44 59 66 14 60 74 62 5 41 45 21 32 11 22 3 81 55 53 52 25 12 99 72 51 0 42 48 75 61 23 86 71 80 95 89 92 1 96 17 56 7 19 98 78 83 4 43 69 10 
15 24 31 34 40 67 76 82 84 88 91 93 94 8 20 26 58 70 90 6 9 50 64 77 85 35 28 36 73 33 49 29 54 46 57 47 87 63 97 65 27 16 18 13 2 30 39 37 79 68 38 44 59 66 14 60 74 62 5 41 45 21 32 11 22 3 81 55 53 52 25 12 99 72 51 0 42 48 75 61 23 86 71 80 95 89 92 1 96 17 56 7 19 98 78 83 4 43 69 10 
15 24 31 34 40 67 76 82 84 88 91 93 94 6 8 9 20 26 50 58 64 70 77 85 90 35 28 36 73 33 49 29 54 46 57 47 87 63 97 65 27 16 18 13 2 30 39 37 79 68 38 44 59 66 14 60 74 62 5 41 45 21 32 11 22 3 81 55 53 52 25 12 99 72 51 0 42 48 75 61 23 86 71 80 95 89 92 1 96 17 56 7 19 98 78 83 4 43 69 10 
6 8 9 15 20 24 26 31 34 40 50 58 64 67 70 76 77 82 84 85 88 90 91 93 94 35 28 36 73 33 49 29 54 46 57 47 87 63 97 65 27 16 18 13 2 30 39 37 79 68 38 44 59 66 14 60 74 62 5 41 45 21 32 11 22 3 81 55 53 52 25 12 99 72 51 0 42 48 75 61 23 86 71 80 95 89 92 1 96 17 56 7 19 98 78 83 4 43 69 10 
6 8 9 15 20 24 26 31 34 40 50 58 64 67 70 76 77 82 84 85 88 90 91 93 94 28 35 36 73 33 49 29 54 46 57 47 87 63 97 65 27 16 18 13 2 30 39 37 79 68 38 44 59 66 14 60 74 62 5 41 45 21 32 11 22 3 81 55 53 52 25 12 99 72 51 0 42 48 75 61 23 86 71 80 95 89 92 1 96 17 56 7 19 98 78 83 4 43 69 10 
6 8 9 15 20 24 26 31 34 40 50 58 64 67 70 76 77 82 84 85 88 90 91 93 94 28 35 36 73 33 49 29 54 46 57 47 87 63 97 65 27 16 18 13 2 30 39 37 79 68 38 44 59 66 14 60 74 62 5 41 45 21 32 11 22 3 81 55 53 52 25 12 99 72 51 0 42 48 75 61 23 86 71 80 95 89 92 1 96 17 56 7 19 98 78 83 4 43 69 10 
6 8 9 15 20 24 26 31 34 40 50 58 64 67 70 76 77 82 84 85 88 90 91 93 94 28 35 36 73 33 49 29 54 46 57 47 87 63 97 65 27 16 18 13 2 30 39 37 79 68 38 44 59 66 14 60 74 62 5 41 45 21 32 11 22 3 81 55 53 52 25 12 99 72 51 0 42 48 75 61 23 86 71 80 95 89 92 1 96 17 56 7 19 98 78 83 4 43 69 10 
6 8 9 15 20 24 26 31 34 40 50 58 64 67 70 76 77 82 84 85 88 90 91 93 94 28 35 36 73 33 49 29 54 46 57 47 87 63 97 65 27 16 18 13 2 30 39 37 79 68 38 44 59 66 14 60 74 62 5 41 45 21 32 11 22 3 81 55 53 52 25 12 99 72 51 0 42 48 75 61 23 86 71 80 95 89 92 1 96 17 56 7 19 98 78 83 4 43 69 10 
6 8 9 15 20 24 26 31 34 40 50 58 64 67 70 76 77 82 84 85 88 90 91 93 94 28 35 36 73 29 33 49 54 46 57 47 87 63 97 65 27 16 18 13 2 30 39 37 79 68 38 44 59 66 14 60 74 62 5 41 45 21 32 11 22 3 81 55 53 52 25 12 99 72 51 0 42 48 75 61 23 86 71 80 95 89 92 1 96 17 56 7 19 98 78 83 4 43 69 10 
6 8 9 15 20 24 26 31 34 40 50 58 64 67 70 76 77 82 84 85 88 90 91 93 94 28 29 33 35 36 49 73 54 46 57 47 87 63 97 65 27 16 18 13 2 30 39 37 79 68 38 44 59 66 14 60 74 62 5 41 45 21 32 11 22 3 81 55 53 52 25 12 99 72 51 0 42 48 75 61 23 86 71 80 95 89 92 1 96 17 56 7 19 98 78 83 4 43 69 10 
6 8 9 15 20 24 26 31 34 40 50 58 64 67 70 76 77 82 84 85 88 90 91 93 94 28 29 33 35 36 49 73 46 54 57 47 87 63 97 65 27 16 18 13 2 30 39 37 79 68 38 44 59 66 14 60 74 62 5 41 45 21 32 11 22 3 81 55 53 52 25 12 99 72 51 0 42 48 75 61 23 86 71 80 95 89 92 1 96 17 56 7 19 98 78 83 4 43 69 10 
6 8 9 15 20 24 26 31 34 40 50 58 64 67 70 76 77 82 84 85 88 90 91 93 94 28 29 33 35 36 49 73 46 54 57 47 87 63 97 65 27 16 18 13 2 30 39 37 79 68 38 44 59 66 14 60 74 62 5 41 45 21 32 11 22 3 81 55 53 52 25 12 99 72 51 0 42 48 75 61 23 86 71 80 95 89 92 1 96 17 56 7 19 98 78 83 4 43 69 10 
6 8 9 15 20 24 26 31 34 40 50 58 64 67 70 76 77 82 84 85 88 90 91 93 94 28 29 33 35 36 49 73 46 54 57 47 87 63 97 65 27 16 18 13 2 30 39 37 79 68 38 44 59 66 14 60 74 62 5 41 45 21 32 11 22 3 81 55 53 52 25 12 99 72 51 0 42 48 75 61 23 86 71 80 95 89 92 1 96 17 56 7 19 98 78 83 4 43 69 10 
6 8 9 15 20 24 26 31 34 40 50 58 64 67 70 76 77 82 84 85 88 90 91 93 94 28 29 33 35 36 49 73 46 54 57 47 63 87 97 65 27 16 18 13 2 30 39 37 79 68 38 44 59 66 14 60 74 62 5 41 45 21 32 11 22 3 81 55 53 52 25 12 99 72 51 0 42 48 75 61 23 86 71 80 95 89 92 1 96 17 56 7 19 98 78 83 4 43 69 10 
6 8 9 15 20 24 26 31 34 40 50 58 64 67 70 76 77 82 84 85 88 90 91 93 94 28 29 33 35 36 49 73 46 47 54 57 63 87 97 65 27 16 18 13 2 30 39 37 79 68 38 44 59 66 14 60 74 62 5 41 45 21 32 11 22 3 81 55 53 52 25 12 99 72 51 0 42 48 75 61 23 86 71 80 95 89 92 1 96 17 56 7 19 98 78 83 4 43 69 10 
6 8 9 15 20 24 26 31 34 40 50 58 64 67 70 76 77 82 84 85 88 90 91 93 94 28 29 33 35 36 46 47 49 54 57 63 73 87 97 65 27 16 18 13 2 30 39 37 79 68 38 44 59 66 14 60 74 62 5 41 45 21 32 11 22 3 81 55 53 52 25 12 99 72 51 0 42 48 75 61 23 86 71 80 95 89 92 1 96 17 56 7 19 98 78 83 4 43 69 10 
6 8 9 15 20 24 26 31 34 40 50 58 64 67 70 76 77 82 84 85 88 90 91 93 94 28 29 33 35 36 46 47 49 54 57 63 73 87 65 97 27 16 18 13 2 30 39 37 79 68 38 44 59 66 14 60 74 62 5 41 45 21 32 11 22 3 81 55 53 52 25 12 99 72 51 0 42 48 75 61 23 86 71 80 95 89 92 1 96 17 56 7 19 98 78 83 4 43 69 10 
6 8 9 15 20 24 26 31 34 40 50 58 64 67 70 76 77 82 84 85 88 90 91 93 94 28 29 33 35 36 46 47 49 54 57 63 73 87 27 65 97 16 18 13 2 30 39 37 79 68 38 44 59 66 14 60 74 62 5 41 45 21 32 11 22 3 81 55 53 52 25 12 99 72 51 0 42 48 75 61 23 86 71 80 95 89 92 1 96 17 56 7 19 98 78 83 4 43 69 10 
6 8 9 15 20 24 26 31 34 40 50 58 64 67 70 76 77 82 84 85 88 90 91 93 94 28 29 33 35 36 46 47 49 54 57 63 73 87 27 65 97 16 18 13 2 30 39 37 79 68 38 44 59 66 14 60 74 62 5 41 45 21 32 11 22 3 81 55 53 52 25 12 99 72 51 0 42 48 75 61 23 86 71 80 95 89 92 1 96 17 56 7 19 98 78 83 4 43 69 10 
6 8 9 15 20 24 26 31 34 40 50 58 64 67 70 76 77 82 84 85 88 90 91 93 94 28 29 33 35 36 46 47 49 54 57 63 73 87 27 65 97 13 16 18 2 30 39 37 79 68 38 44 59 66 14 60 74 62 5 41 45 21 32 11 22 3 81 55 53 52 25 12 99 72 51 0 42 48 75 61 23 86 71 80 95 89 92 1 96 17 56 7 19 98 78 83 4 43 69 10 
6 8 9 15 20 24 26 31 34 40 50 58 64 67 70 76 77 82 84 85 88 90 91 93 94 28 29 33 35 36 46 47 49 54 57 63 73 87 13 16 18 27 65 97 2 30 39 37 79 68 38 44 59 66 14 60 74 62 5 41 45 21 32 11 22 3 81 55 53 52 25 12 99 72 51 0 42 48 75 61 23 86 71 80 95 89 92 1 96 17 56 7 19 98 78 83 4 43 69 10 
6 8 9 15 20 24 26 31 34 40 50 58 64 67 70 76 77 82 84 85 88 90 91 93 94 28 29 33 35 36 46 47 49 54 57 63 73 87 13 16 18 27 65 97 2 30 39 37 79 68 38 44 59 66 14 60 74 62 5 41 45 21 32 11 22 3 81 55 53 52 25 12 99 72 51 0 42 48 75 61 23 86 71 80 95 89 92 1 96 17 56 7 19 98 78 83 4 43 69 10 
6 8 9 15 20 24 26 31 34 40 50 58 64 67 70 76 77 82 84 85 88 90 91 93 94 28 29 33 35 36 46 47 49 54 57 63 73 87 13 16 18 27 65 97 2 30 39 37 79 68 38 44 59 66 14 60 74 62 5 41 45 21 32 11 22 3 81 55 53 52 25 12 99 72 51 0 42 48 75 61 23 86 71 80 95 89 92 1 96 17 56 7 19 98 78 83 4 43 69 10 
6 8 9 15 20 24 26 31 34 40 50 58 64 67 70 76 77 82 84 85 88 90 91 93 94 28 29 33 35 36 46 47 49 54 57 63 73 87 13 16 18 27 65 97 2 30 39 37 79 68 38 44 59 66 14 60 74 62 5 41 45 21 32 11 22 3 81 55 53 52 25 12 99 72 51 0 42 48 75 61 23 86 71 80 95 89 92 1 96 17 56 7 19 98 78 83 4 43 69 10 
6 8 9 15 20 24 26 31 34 40 50 58 64 67 70 76 77 82 84 85 88 90 91 93 94 28 29 33 35 36 46 47 49 54 57 63 73 87 13 16 18 27 65 97 2 30 39 37 68 79 38 44 59 66 14 60 74 62 5 41 45 21 32 11 22 3 81 55 53 52 25 12 99 72 51 0 42 48 75 61 23 86 71 80 95 89 92 1 96 17 56 7 19 98 78 83 4 43 69 10 
6 8 9 15 20 24 26 31 34 40 50 58 64 67 70 76 77 82 84 85 88 90 91 93 94 28 29 33 35 36 46 47 49 54 57 63 73 87 13 16 18 27 65 97 2 30 37 39 68 79 38 44 59 66 14 60 74 62 5 41 45 21 32 11 22 3 81 55 53 52 25 12 99 72 51 0 42 48 75 61 23 86 71 80 95 89 92 1 96 17 56 7 19 98 78 83 4 43 69 10 
6 8 9 15 20 24 26 31 34 40 50 58 64 67 70 76 77 82 84 85 88 90 91 93 94 28 29 33 35 36 46 47 49 54 57 63 73 87 2 13 16 18 27 30 37 39 65 68 79 97 38 44 59 66 14 60 74 62 5 41 45 21 32 11 22 3 81 55 53 52 25 12 99 72 51 0 42 48 75 61 23 86 71 80 95 89 92 1 96 17 56 7 19 98 78 83 4 43 69 10 
6 8 9 15 20 24 26 31 34 40 50 58 64 67 70 76 77 82 84 85 88 90 91 93 94 2 13 16 18 27 28 29 30 33 35 36 37 39 46 47 49 54 57 63 65 68 73 79 87 97 38 44 59 66 14 60 74 62 5 41 45 21 32 11 22 3 81 55 53 52 25 12 99 72 51 0 42 48 75 61 23 86 71 80 95 89 92 1 96 17 56 7 19 98 78 83 4 43 69 10 
2 6 8 9 13 15 16 18 20 24 26 27 28 29 30 31 33 34 35 36 37 39 40 46 47 49 50 54 57 58 63 64 65 67 68 70 73 76 77 79 82 84 85 87 88 90 91 93 94 97 38 44 59 66 14 60 74 62 5 41 45 21 32 11 22 3 81 55 53 52 25 12 99 72 51 0 42 48 75 61 23 86 71 80 95 89 92 1 96 17 56 7 19 98 78 83 4 43 69 10 
2 6 8 9 13 15 16 18 20 24 26 27 28 29 30 31 33 34 35 36 37 39 40 46 47 49 50 54 57 58 63 64 65 67 68 70 73 76 77 79 82 84 85 87 88 90 91 93 94 97 38 44 59 66 14 60 74 62 5 41 45 21 32 11 22 3 81 55 53 52 25 12 99 72 51 0 42 48 75 61 23 86 71 80 95 89 92 1 96 17 56 7 19 98 78 83 4 43 69 10 
2 6 8 9 13 15 16 18 20 24 26 27 28 29 30 31 33 34 35 36 37 39 40 46 47 49 50 54 57 58 63 64 65 67 68 70 73 76 77 79 82 84 85 87 88 90 91 93 94 97 38 44 59 66 14 60 74 62 5 41 45 21 32 11 22 3 81 55 53 52 25 12 99 72 51 0 42 48 75 61 23 86 71 80 95 89 92 1 96 17 56 7 19 98 78 83 4 43 69 10 
2 6 8 9 13 15 16 18 20 24 26 27 28 29 30 31 33 34 35 36 37 39 40 46 47 49 50 54 57 58 63 64 65 67 68 70 73 76 77 79 82 84 85 87 88 90 91 93 94 97 38 44 59 66 14 60 74 62 5 41 45 21 32 11 22 3 81 55 53 52 25 12 99 72 51 0 42 48 75 61 23 86 71 80 95 89 92 1 96 17 56 7 19 98 78 83 4 43 69 10 
2 6 8 9 13 15 16 18 20 24 26 27 28 29 30 31 33 34 35 36 37 39 40 46 47 49 50 54 57 58 63 64 65 67 68 70 73 76 77 79 82 84 85 87 88 90 91 93 94 97 38 44 59 66 14 60 74 62 5 41 45 21 32 11 22 3 81 55 53 52 25 12 99 72 51 0 42 48 75 61 23 86 71 80 95 89 92 1 96 17 56 7 19 98 78 83 4 43 69 10 
2 6 8 9 13 15 16 18 20 24 26 27 28 29 30 31 33 34 35 36 37 39 40 46 47 49 50 54 57 58 63 64 65 67 68 70 73 76 77 79 82 84 85 87 88 90 91 93 94 97 38 44 59 66 14 60 74 62 5 41 45 21 32 11 22 3 81 55 53 52 25 12 99 72 51 0 42 48 75 61 23 86 71 80 95 89 92 1 96 17 56 7 19 98 78 83 4 43 69 10 
2 6 8 9 13 15 16 18 20 24 26 27 28 29 30 31 33 34 35 36 37 39 40 46 47 49 50 54 57 58 63 64 65 67 68 70 73 76 77 79 82 84 85 87 88 90 91 93 94 97 14 38 44 59 60 66 74 62 5 41 45 21 32 11 22 3 81 55 53 52 25 12 99 72 51 0 42 48 75 61 23 86 71 80 95 89 92 1 96 17 56 7 19 98 78 83 4 43 69 10 
2 6 8 9 13 15 16 18 20 24 26 27 28 29 30 31 33 34 35 36 37 39 40 46 47 49 50 54 57 58 63 64 65 67 68 70 73 76 77 79 82 84 85 87 88 90 91 93 94 97 14 38 44 59 60 66 74 5 62 41 45 21 32 11 22 3 81 55 53 52 25 12 99 72 51 0 42 48 75 61 23 86 71 80 95 89 92 1 96 17 56 7 19 98 78 83 4 43 69 10 
2 6 8 9 13 15 16 18 20 24 26 27 28 29 30 31 33 34 35 36 37 39 40 46 47 49 50 54 57 58 63 64 65 67 68 70 73 76 77 79 82 84 85 87 88 90 91 93 94 97 14 38 44 59 60 66 74 5 41 62 45 21 32 11 22 3 81 55 53 52 25 12 99 72 51 0 42 48 75 61 23 86 71 80 95 89 92 1 96 17 56 7 19 98 78 83 4 43 69 10 
2 6 8 9 13 15 16 18 20 24 26 27 28 29 30 31 33 34 35 36 37 39 40 46 47 49 50 54 57 58 63 64 65 67 68 70 73 76 77 79 82 84 85 87 88 90 91 93 94 97 14 38 44 59 60 66 74 5 41 62 21 45 32 11 22 3 81 55 53 52 25 12 99 72 51 0 42 48 75 61 23 86 71 80 95 89 92 1 96 17 56 7 19 98 78 83 4 43 69 10 
2 6 8 9 13 15 16 18 20 24 26 27 28 29 30 31 33 34 35 36 37 39 40 46 47 49 50 54 57 58 63 64 65 67 68 70 73 76 77 79 82 84 85 87 88 90 91 93 94 97 14 38 44 59 60 66 74 5 41 62 21 32 45 11 22 3 81 55 53 52 25 12 99 72 51 0 42 48 75 61 23 86 71 80 95 89 92 1 96 17 56 7 19 98 78 83 4 43 69 10 
2 6 8 9 13 15 16 18 20 24 26 27 28 29 30 31 33 34 35 36 37 39 40 46 47 49 50 54 57 58 63 64 65 67 68 70 73 76 77 79 82 84 85 87 88 90 91 93 94 97 14 38 44 59 60 66 74 5 21 32 41 45 62 11 22 3 81 55 53 52 25 12 99 72 51 0 42 48 75 61 23 86 71 80 95 89 92 1 96 17 56 7 19 98 78 83 4 43 69 10 
2 6 8 9 13 15 16 18 20 24 26 27 28 29 30 31 33 34 35 36 37 39 40 46 47 49 50 54 57 58 63 64 65 67 68 70 73 76 77 79 82 84 85 87 88 90 91 93 94 97 5 14 21 32 38 41 44 45 59 60 62 66 74 11 22 3 81 55 53 52 25 12 99 72 51 0 42 48 75 61 23 86 71 80 95 89 92 1 96 17 56 7 19 98 78 83 4 43 69 10 
2 6 8 9 13 15 16 18 20 24 26 27 28 29 30 31 33 34 35 36 37 39 40 46 47 49 50 54 57 58 63 64 65 67 68 70 73 76 77 79 82 84 85 87 88 90 91 93 94 97 5 14 21 32 38 41 44 45 59 60 62 66 74 11 22 3 81 55 53 52 25 12 99 72 51 0 42 48 75 61 23 86 71 80 95 89 92 1 96 17 56 7 19 98 78 83 4 43 69 10 
2 6 8 9 13 15 16 18 20 24 26 27 28 29 30 31 33 34 35 36 37 39 40 46 47 49 50 54 57 58 63 64 65 67 68 70 73 76 77 79 82 84 85 87 88 90 91 93 94 97 5 14 21 32 38 41 44 45 59 60 62 66 74 3 11 22 81 55 53 52 25 12 99 72 51 0 42 48 75 61 23 86 71 80 95 89 92 1 96 17 56 7 19 98 78 83 4 43 69 10 
2 6 8 9 13 15 16 18 20 24 26 27 28 29 30 31 33 34 35 36 37 39 40 46 47 49 50 54 57 58 63 64 65 67 68 70 73 76 77 79 82 84 85 87 88 90 91 93 94 97 5 14 21 32 38 41 44 45 59 60 62 66 74 3 11 22 55 81 53 52 25 12 99 72 51 0 42 48 75 61 23 86 71 80 95 89 92 1 96 17 56 7 19 98 78 83 4 43 69 10 
2 6 8 9 13 15 16 18 20 24 26 27 28 29 30 31 33 34 35 36 37 39 40 46 47 49 50 54 57 58 63 64 65 67 68 70 73 76 77 79 82 84 85 87 88 90 91 93 94 97 5 14 21 32 38 41 44 45 59 60 62 66 74 3 11 22 53 55 81 52 25 12 99 72 51 0 42 48 75 61 23 86 71 80 95 89 92 1 96 17 56 7 19 98 78 83 4 43 69 10 
2 6 8 9 13 15 16 18 20 24 26 27 28 29 30 31 33 34 35 36 37 39 40 46 47 49 50 54 57 58 63 64 65 67 68 70 73 76 77 79 82 84 85 87 88 90 91 93 94 97 5 14 21 32 38 41 44 45 59 60 62 66 74 3 11 22 53 55 81 52 25 12 99 72 51 0 42 48 75 61 23 86 71 80 95 89 92 1 96 17 56 7 19 98 78 83 4 43 69 10 
2 6 8 9 13 15 16 18 20 24 26 27 28 29 30 31 33 34 35 36 37 39 40 46 47 49 50 54 57 58 63 64 65 67 68 70 73 76 77 79 82 84 85 87 88 90 91 93 94 97 5 14 21 32 38 41 44 45 59 60 62 66 74 3 11 22 53 55 81 25 52 12 99 72 51 0 42 48 75 61 23 86 71 80 95 89 92 1 96 17 56 7 19 98 78 83 4 43 69 10 
2 6 8 9 13 15 16 18 20 24 26 27 28 29 30 31 33 34 35 36 37 39 40 46 47 49 50 54 57 58 63 64 65 67 68 70 73 76 77 79 82 84 85 87 88 90 91 93 94 97 5 14 21 32 38 41 44 45 59 60 62 66 74 3 11 22 53 55 81 12 25 52 99 72 51 0 42 48 75 61 23 86 71 80 95 89 92 1 96 17 56 7 19 98 78 83 4 43 69 10 
2 6 8 9 13 15 16 18 20 24 26 27 28 29 30 31 33 34 35 36 37 39 40 46 47 49 50 54 57 58 63 64 65 67 68 70 73 76 77 79 82 84 85 87 88 90 91 93 94 97 5 14 21 32 38 41 44 45 59 60 62 66 74 3 11 22 53 55 81 12 25 52 72 99 51 0 42 48 75 61 23 86 71 80 95 89 92 1 96 17 56 7 19 98 78 83 4 43 69 10 
2 6 8 9 13 15 16 18 20 24 26 27 28 29 30 31 33 34 35 36 37 39 40 46 47 49 50 54 57 58 63 64 65 67 68 70 73 76 77 79 82 84 85 87 88 90 91 93 94 97 5 14 21 32 38 41 44 45 59 60 62 66 74 3 11 22 53 55 81 12 25 52 51 72 99 0 42 48 75 61 23 86 71 80 95 89 92 1 96 17 56 7 19 98 78 83 4 43 69 10 
2 6 8 9 13 15 16 18 20 24 26 27 28 29 30 31 33 34 35 36 37 39 40 46 47 49 50 54 57 58 63 64 65 67 68 70 73 76 77 79 82 84 85 87 88 90 91 93 94 97 5 14 21 32 38 41 44 45 59 60 62 66 74 3 11 22 53 55 81 12 25 51 52 72 99 0 42 48 75 61 23 86 71 80 95 89 92 1 96 17 56 7 19 98 78 83 4 43 69 10 
2 6 8 9 13 15 16 18 20 24 26 27 28 29 30 31 33 34 35 36 37 39 40 46 47 49 50 54 57 58 63 64 65 67 68 70 73 76 77 79 82 84 85 87 88 90 91 93 94 97 5 14 21 32 38 41 44 45 59 60 62 66 74 3 11 12 22 25 51 52 53 55 72 81 99 0 42 48 75 61 23 86 71 80 95 89 92 1 96 17 56 7 19 98 78 83 4 43 69 10 
2 6 8 9 13 15 16 18 20 24 26 27 28 29 30 31 33 34 35 36 37 39 40 46 47 49 50 54 57 58 63 64 65 67 68 70 73 76 77 79 82 84 85 87 88 90 91 93 94 97 3 5 11 12 14 21 22 25 32 38 41 44 45 51 52 53 55 59 60 62 66 72 74 81 99 0 42 48 75 61 23 86 71 80 95 89 92 1 96 17 56 7 19 98 78 83 4 43 69 10 
2 6 8 9 13 15 16 18 20 24 26 27 28 29 30 31 33 34 35 36 37 39 40 46 47 49 50 54 57 58 63 64 65 67 68 70 73 76 77 79 82 84 85 87 88 90 91 93 94 97 3 5 11 12 14 21 22 25 32 38 41 44 45 51 52 53 55 59 60 62 66 72 74 81 99 0 42 48 75 61 23 86 71 80 95 89 92 1 96 17 56 7 19 98 78 83 4 43 69 10 
2 6 8 9 13 15 16 18 20 24 26 27 28 29 30 31 33 34 35 36 37 39 40 46 47 49 50 54 57 58 63 64 65 67 68 70 73 76 77 79 82 84 85 87 88 90 91 93 94 97 3 5 11 12 14 21 22 25 32 38 41 44 45 51 52 53 55 59 60 62 66 72 74 81 99 0 42 48 75 61 23 86 71 80 95 89 92 1 96 17 56 7 19 98 78 83 4 43 69 10 
2 6 8 9 13 15 16 18 20 24 26 27 28 29 30 31 33 34 35 36 37 39 40 46 47 49 50 54 57 58 63 64 65 67 68 70 73 76 77 79 82 84 85 87 88 90 91 93 94 97 3 5 11 12 14 21 22 25 32 38 41 44 45 51 52 53 55 59 60 62 66 72 74 81 99 0 42 48 75 61 23 86 71 80 95 89 92 1 96 17 56 7 19 98 78 83 4 43 69 10 
2 6 8 9 13 15 16 18 20 24 26 27 28 29 30 31 33 34 35 36 37 39 40 46 47 49 50 54 57 58 63 64 65 67 68 70 73 76 77 79 82 84 85 87 88 90 91 93 94 97 3 5 11 12 14 21 22 25 32 38 41 44 45 51 52 53 55 59 60 62 66 72 74 81 99 0 42 48 75 23 61 86 71 80 95 89 92 1 96 17 56 7 19 98 78 83 4 43 69 10 
2 6 8 9 13 15 16 18 20 24 26 27 28 29 30 31 33 34 35 36 37 39 40 46 47 49 50 54 57 58 63 64 65 67 68 70 73 76 77 79 82 84 85 87 88 90 91 93 94 97 3 5 11 12 14 21 22 25 32 38 41 44 45 51 52 53 55 59 60 62 66 72 74 81 99 0 42 48 75 23 61 86 71 80 95 89 92 1 96 17 56 7 19 98 78 83 4 43 69 10 
2 6 8 9 13 15 16 18 20 24 26 27 28 29 30 31 33 34 35 36 37 39 40 46 47 49 50 54 57 58 63 64 65 67 68 70 73 76 77 79 82 84 85 87 88 90 91 93 94 97 3 5 11 12 14 21 22 25 32 38 41 44 45 51 52 53 55 59 60 62 66 72 74 81 99 0 23 42 48 61 75 86 71 80 95 89 92 1 96 17 56 7 19 98 78 83 4 43 69 10 
2 6 8 9 13 15 16 18 20 24 26 27 28 29 30 31 33 34 35 36 37 39 40 46 47 49 50 54 57 58 63 64 65 67 68 70 73 76 77 79 82 84 85 87 88 90 91 93 94 97 3 5 11 12 14 21 22 25 32 38 41 44 45 51 52 53 55 59 60 62 66 72 74 81 99 0 23 42 48 61 75 86 71 80 95 89 92 1 96 17 56 7 19 98 78 83 4 43 69 10 
2 6 8 9 13 15 16 18 20 24 26 27 28 29 30 31 33 34 35 36 37 39 40 46 47 49 50 54 57 58 63 64 65 67 68 70 73 76 77 79 82 84 85 87 88 90 91 93 94 97 3 5 11 12 14 21 22 25 32 38 41 44 45 51 52 53 55 59 60 62 66 72 74 81 99 0 23 42 48 61 75 86 71 80 95 89 92 1 96 17 56 7 19 98 78 83 4 43 69 10 
2 6 8 9 13 15 16 18 20 24 26 27 28 29 30 31 33 34 35 36 37 39 40 46 47 49 50 54 57 58 63 64 65 67 68 70 73 76 77 79 82 84 85 87 88 90 91 93 94 97 3 5 11 12 14 21 22 25 32 38 41 44 45 51 52 53 55 59 60 62 66 72 74 81 99 0 23 42 48 61 75 86 71 80 95 89 92 1 96 17 56 7 19 98 78 83 4 43 69 10 
2 6 8 9 13 15 16 18 20 24 26 27 28 29 30 31 33 34 35 36 37 39 40 46 47 49 50 54 57 58 63 64 65 67 68 70 73 76 77 79 82 84 85 87 88 90 91 93 94 97 3 5 11 12 14 21 22 25 32 38 41 44 45 51 52 53 55 59 60 62 66 72 74 81 99 0 23 42 48 61 75 86 71 80 95 1 89 92 96 17 56 7 19 98 78 83 4 43 69 10 
2 6 8 9 13 15 16 18 20 24 26 27 28 29 30 31 33 34 35 36 37 39 40 46 47 49 50 54 57 58 63 64 65 67 68 70 73 76 77 79 82 84 85 87 88 90 91 93 94 97 3 5 11 12 14 21 22 25 32 38 41 44 45 51 52 53 55 59 60 62 66 72 74 81 99 0 23 42 48 61 75 86 1 71 80 89 92 95 96 17 56 7 19 98 78 83 4 43 69 10 
2 6 8 9 13 15 16 18 20 24 26 27 28 29 30 31 33 34 35 36 37 39 40 46 47 49 50 54 57 58 63 64 65 67 68 70 73 76 77 79 82 84 85 87 88 90 91 93 94 97 3 5 11 12 14 21 22 25 32 38 41 44 45 51 52 53 55 59 60 62 66 72 74 81 99 0 1 23 42 48 61 71 75 80 86 89 92 95 96 17 56 7 19 98 78 83 4 43 69 10 
2 6 8 9 13 15 16 18 20 24 26 27 28 29 30 31 33 34 35 36 37 39 40 46 47 49 50 54 57 58 63 64 65 67 68 70 73 76 77 79 82 84 85 87 88 90 91 93 94 97 3 5 11 12 14 21 22 25 32 38 41 44 45 51 52 53 55 59 60 62 66 72 74 81 99 0 1 23 42 48 61 71 75 80 86 89 92 95 17 96 56 7 19 98 78 83 4 43 69 10 
2 6 8 9 13 15 16 18 20 24 26 27 28 29 30 31 33 34 35 36 37 39 40 46 47 49 50 54 57 58 63 64 65 67 68 70 73 76 77 79 82 84 85 87 88 90 91 93 94 97 3 5 11 12 14 21 22 25 32 38 41 44 45 51 52 53 55 59 60 62 66 72 74 81 99 0 1 23 42 48 61 71 75 80 86 89 92 95 17 56 96 7 19 98 78 83 4 43 69 10 
2 6 8 9 13 15 16 18 20 24 26 27 28 29 30 31 33 34 35 36 37 39 40 46 47 49 50 54 57 58 63 64 65 67 68 70 73 76 77 79 82 84 85 87 88 90 91 93 94 97 3 5 11 12 14 21 22 25 32 38 41 44 45 51 52 53 55 59 60 62 66 72 74 81 99 0 1 23 42 48 61 71 75 80 86 89 92 95 17 56 96 7 19 98 78 83 4 43 69 10 
2 6 8 9 13 15 16 18 20 24 26 27 28 29 30 31 33 34 35 36 37 39 40 46 47 49 50 54 57 58 63 64 65 67 68 70 73 76 77 79 82 84 85 87 88 90 91 93 94 97 3 5 11 12 14 21 22 25 32 38 41 44 45 51 52 53 55 59 60 62 66 72 74 81 99 0 1 23 42 48 61 71 75 80 86 89 92 95 17 56 96 7 19 98 78 83 4 43 69 10 
2 6 8 9 13 15 16 18 20 24 26 27 28 29 30 31 33 34 35 36 37 39 40 46 47 49 50 54 57 58 63 64 65 67 68 70 73 76 77 79 82 84 85 87 88 90 91 93 94 97 3 5 11 12 14 21 22 25 32 38 41 44 45 51 52 53 55 59 60 62 66 72 74 81 99 0 1 23 42 48 61 71 75 80 86 89 92 95 7 17 19 56 96 98 78 83 4 43 69 10 
2 6 8 9 13 15 16 18 20 24 26 27 28 29 30 31 33 34 35 36 37 39 40 46 47 49 50 54 57 58 63 64 65 67 68 70 73 76 77 79 82 84 85 87 88 90 91 93 94 97 3 5 11 12 14 21 22 25 32 38 41 44 45 51 52 53 55 59 60 62 66 72 74 81 99 0 1 23 42 48 61 71 75 80 86 89 92 95 7 17 19 56 96 98 78 83 4 43 69 10 
2 6 8 9 13 15 16 18 20 24 26 27 28 29 30 31 33 34 35 36 37 39 40 46 47 49 50 54 57 58 63 64 65 67 68 70 73 76 77 79 82 84 85 87 88 90 91 93 94 97 3 5 11 12 14 21 22 25 32 38 41 44 45 51 52 53 55 59 60 62 66 72 74 81 99 0 1 23 42 48 61 71 75 80 86 89 92 95 7 17 19 56 96 98 4 78 83 43 69 10 
2 6 8 9 13 15 16 18 20 24 26 27 28 29 30 31 33 34 35 36 37 39 40 46 47 49 50 54 57 58 63 64 65 67 68 70 73 76 77 79 82 84 85 87 88 90 91 93 94 97 3 5 11 12 14 21 22 25 32 38 41 44 45 51 52 53 55 59 60 62 66 72 74 81 99 0 1 23 42 48 61 71 75 80 86 89 92 95 7 17 19 56 96 98 4 78 83 43 69 10 
2 6 8 9 13 15 16 18 20 24 26 27 28 29 30 31 33 34 35 36 37 39 40 46 47 49 50 54 57 58 63 64 65 67 68 70 73 76 77 79 82 84 85 87 88 90 91 93 94 97 3 5 11 12 14 21 22 25 32 38 41 44 45 51 52 53 55 59 60 62 66 72 74 81 99 0 1 23 42 48 61 71 75 80 86 89 92 95 7 17 19 56 96 98 4 78 83 10 43 69 
2 6 8 9 13 15 16 18 20 24 26 27 28 29 30 31 33 34 35 36 37 39 40 46 47 49 50 54 57 58 63 64 65 67 68 70 73 76 77 79 82 84 85 87 88 90 91 93 94 97 3 5 11 12 14 21 22 25 32 38 41 44 45 51 52 53 55 59 60 62 66 72 74 81 99 0 1 23 42 48 61 71 75 80 86 89 92 95 7 17 19 56 96 98 4 10 43 69 78 83 
2 6 8 9 13 15 16 18 20 24 26 27 28 29 30 31 33 34 35 36 37 39 40 46 47 49 50 54 57 58 63 64 65 67 68 70 73 76 77 79 82 84 85 87 88 90 91 93 94 97 3 5 11 12 14 21 22 25 32 38 41 44 45 51 52 53 55 59 60 62 66 72 74 81 99 0 1 23 42 48 61 71 75 80 86 89 92 95 4 7 10 17 19 43 56 69 78 83 96 98 
2 6 8 9 13 15 16 18 20 24 26 27 28 29 30 31 33 34 35 36 37 39 40 46 47 49 50 54 57 58 63 64 65 67 68 70 73 76 77 79 82 84 85 87 88 90 91 93 94 97 3 5 11 12 14 21 22 25 32 38 41 44 45 51 52 53 55 59 60 62 66 72 74 81 99 0 1 4 7 10 17 19 23 42 43 48 56 61 69 71 75 78 80 83 86 89 92 95 96 98 
2 6 8 9 13 15 16 18 20 24 26 27 28 29 30 31 33 34 35 36 37 39 40 46 47 49 50 54 57 58 63 64 65 67 68 70 73 76 77 79 82 84 85 87 88 90 91 93 94 97 0 1 3 4 5 7 10 11 12 14 17 19 21 22 23 25 32 38 41 42 43 44 45 48 51 52 53 55 56 59 60 61 62 66 69 71 72 74 75 78 80 81 83 86 89 92 95 96 98 99 
0 1 2 3 4 5 6 7 8 9 10 11 12 13 14 15 16 17 18 19 20 21 22 23 24 25 26 27 28 29 30 31 32 33 34 35 36 37 38 39 40 41 42 43 44 45 46 47 48 49 50 51 52 53 54 55 56 57 58 59 60 61 62 63 64 65 66 67 68 69 70 71 72 73 74 75 76 77 78 79 80 81 82 83 84 85 86 87 88 89 90 91 92 93 94 95 96 97 98 99 
